Vaccine 2023,Date,Series Complete,Series Complete Ages 5 to 17,Series Complete Ages 18+,Series Complete Ages 65+
0,1/4/2023,227084848,443058913,201525738,51176177
1,1/11/2023,227188019,443210075,201589495,51180753
2,1/18/2023,227337074,443455267,201697868,51207869
3,1/25/2023,227447877,443629653,201773243,51225401
4,2/1/2023,227546999,443785181,201839070,51239782
5,2/8/2023,227647851,443945698,201908241,51255789
6,2/15/2023,227742152,444095284,201972072,51267762
7,2/22/2023,227823651,444225080,202026739,51278087
8,3/1/2023,227903153,444355059,202082978,51287074
9,3/8/2023,227969062,444455292,202125394,51294731
10,3/15/2023,228038425,444560776,202168411,51301137
11,3/22/2023,228109128,444658184,202208483,51308238
12,3/29/2023,228194540,444767449,202255066,51317008
13,4/5/2023,228244160,444843024,202286769,51322021
14,4/12/2023,228292668,444916660,202317362,51326958
15,4/19/2023,228308940,444918325,202310435,51305092
16,4/26/2023,228356965,444995257,202343340,51313073
17,5/3/2023,228406233,445075995,202378797,51324942
18,5/10/2023,228460517,445166093,202418482,51339938
