Vaccine 2021,Date,Series Complete 2021,Series Complete Ages 5 to 17 2021,Series Complete Ages 18+ 2021,Series Complete Ages 65+ 2021
0,9/17/2021,67758810,67521425,63669579,17302228
1,9/18/2021,165354624,164499439,155164379,41981968
2,9/19/2021,165593647,164736544,155365407,41999109
3,9/20/2021,165966770,165108383,155679602,42027581
4,9/21/2021,166090540,165231110,155783557,42036379
5,9/22/2021,166415436,165554277,156063507,42067673
6,9/23/2021,166575080,165712090,156191699,42083810
7,9/24/2021,166906819,166042185,156480100,42115358
8,9/25/2021,167261774,166395362,156792398,42149948
9,9/26/2021,167547601,166679359,157037116,42174600
10,9/27/2021,167746292,166877020,157203707,42191662
11,9/28/2021,167950678,167080653,157375169,42211243
12,9/29/2021,168197303,167325924,157590077,42244711
13,9/30/2021,168438690,167565998,157803828,42276867
14,10/1/2021,168666809,167792769,158007216,42309037
15,10/2/2021,168918281,168042843,158228409,42342506
16,10/3/2021,169220929,168343348,158494057,42379705
17,10/4/2021,169497131,168618135,158733698,42410776
18,10/5/2021,169744097,168864108,158948918,42435943
19,10/6/2021,170050838,169169372,159224103,42476835
20,10/7/2021,170244762,169361921,159396479,42505267
21,10/8/2021,170518423,169633703,159641441,42544440
22,10/9/2021,170790222,169903956,159882456,42582584
23,10/10/2021,170974869,170086836,160041330,42605457
24,10/11/2021,171112055,170223971,160158908,42620303
25,10/12/2021,171237624,170349416,160267716,42633153
26,10/13/2021,171436695,170547214,160442942,42658019
27,10/14/2021,171751210,170860012,160728422,42690223
28,10/15/2021,172100496,171207703,161041426,42733878
29,10/16/2021,172321411,171427253,161238643,42760478
30,10/17/2021,172544216,171648467,161438475,42788029
31,10/18/2021,172682469,171785753,161558875,42802304
32,10/19/2021,172856955,171959597,161713410,42817623
33,10/20/2021,173057470,172159202,161893354,42842018
34,10/21/2021,173245479,172345771,162060640,42865659
35,10/22/2021,187980896,187077027,175645842,45894440
36,10/23/2021,188197598,187291532,175839723,45923765
37,10/24/2021,188369427,187461629,175991897,45947116
38,10/25/2021,188487134,187578243,176094880,45963391
39,10/26/2021,188576565,187666791,176173461,45972946
40,10/27/2021,188769362,187858262,176347221,46005637
41,10/28/2021,189015880,188103297,176571622,46054414
42,10/29/2021,189767251,188851024,177247020,46199194
43,10/30/2021,190007818,189090356,177466862,46248337
44,10/31/2021,190210211,189291365,177650649,46287046
45,11/1/2021,190339476,189420023,177766152,46307730
46,11/2/2021,190470407,189550409,177881935,46325667
47,11/3/2021,190671692,189750662,178062839,46357233
48,11/4/2021,190963285,190040966,178334844,46413926
49,11/5/2021,191141675,190218273,178499598,46452701
50,11/6/2021,191336652,190412075,178678966,46491722
51,11/7/2021,191533225,190607060,178857477,46524904
52,11/8/2021,191697956,190770755,179005911,46548339
53,11/9/2021,191861504,190933801,179153506,46570699
54,11/10/2021,192071948,191142917,179342949,46600968
55,11/11/2021,192257961,191327668,179513934,46634063
56,11/12/2021,192425357,191494885,179667785,46665286
57,11/13/2021,192620865,191689260,179847340,46702534
58,11/14/2021,192787651,191854690,179999360,46733322
59,11/15/2021,192938238,192004552,180134118,46756404
60,11/16/2021,193095999,192161608,180277543,46780724
61,11/17/2021,193268766,192332925,180435231,46809756
62,11/18/2021,193365602,192428090,180521268,46812297
63,11/19/2021,193569153,192629901,180707104,46849528
64,11/20/2021,193773504,192832646,180896266,46886718
65,11/21/2021,193926139,192983829,181035157,46909858
66,11/22/2021,194038583,193094794,181136799,46925634
67,11/23/2021,193611517,192666891,180733553,46746129
68,11/24/2021,193802671,192855236,180909645,46780461
69,11/25/2021,193802671,192855236,180909645,46780461
70,11/26/2021,193802671,192855236,180909645,46780461
71,11/27/2021,193802671,192855236,180909645,46780461
72,11/28/2021,193802671,192855236,180909645,46780461
73,11/29/2021,194429911,193388308,181400138,46860139
74,11/30/2021,194680046,193543006,181538767,46880047
75,12/1/2021,194981467,193708908,181689399,46904116
76,12/2/2021,195451137,193994134,181944545,46954667
77,12/3/2021,195816575,194186463,182117470,46985914
78,12/4/2021,196191811,194346307,182256500,46988681
79,12/5/2021,196556138,194507805,182400235,47010325
80,12/6/2021,196902871,194626904,182503708,47024621
81,12/7/2021,197273217,194777940,182638176,47046762
82,12/8/2021,197980751,392468916,183153412,47232682
83,12/9/2021,198293891,392936683,183292852,47253946
84,12/10/2021,198850810,393802787,183580399,47324689
85,12/11/2021,199254458,394423962,183777705,47356328
86,12/12/2021,199539568,394839960,183893825,47373646
87,12/13/2021,199809714,395213569,183982994,47385041
88,12/14/2021,200059716,395578808,184085516,47399502
89,12/15/2021,200393486,396083509,184238296,47423171
90,12/16/2021,200701481,396534463,184365290,47445548
91,12/17/2021,201017268,397034823,184532759,47473175
92,12/18/2021,201262549,397437267,184677413,47497141
93,12/19/2021,201460189,397760184,184791071,47514330
94,12/20/2021,201628601,398026162,184877712,47525870
95,12/21/2021,202101685,398904342,185250143,47637841
96,12/22/2021,202337827,399289198,185383730,47656121
97,12/23/2021,202255254,399027020,185188463,47509806
98,12/24/2021,202478140,399395696,185319404,47527914
99,12/25/2021,202565428,399540735,185370639,47535074
100,12/26/2021,202595579,399592545,185390046,47537474
101,12/27/2021,202702375,399774439,185457528,47545986
102,12/28/2021,202924213,400145321,185590592,47563310
103,12/29/2021,203137891,400494049,185709840,47577771
104,12/30/2021,203307100,400753937,185786807,47584448
105,12/31/2021,203553938,401157522,185926466,47602005
