Vaccine 2022,Date,Series Complete,Series Complete Ages 5 to 17,Series Complete Ages 18+,Series Complete Ages 65+
0,1/1/2022,203651784,401319179,185982351,47608688
1,1/2/2022,203651784,401319179,185982351,47608688
2,1/3/2022,203806777,401575298,186071339,47618212
3,1/4/2022,204066071,402004230,186222069,47635953
4,1/5/2022,204279021,402359720,186348322,47653004
5,1/6/2022,204494138,402717589,186475446,47669687
6,1/7/2022,204703436,403054938,186587978,47683027
7,1/8/2022,204921180,403410481,186709327,47697934
8,1/9/2022,205125962,403738069,186815368,47709743
9,1/10/2022,205256158,403940771,186875449,47715205
10,1/11/2022,205411960,404189365,186953612,47722336
11,1/12/2022,205637491,404573042,187115875,47787047
12,1/13/2022,205877053,404969436,187230448,47771167
13,1/14/2022,206101399,405337770,187352383,47786935
14,1/15/2022,206301047,405671567,187468433,47801452
15,1/16/2022,206437109,405901884,187549602,47810665
16,1/17/2022,206511474,406026918,187592399,47814700
17,1/18/2022,206613620,406197671,187648697,47820230
18,1/19/2022,207680946,408239873,188554172,47894939
19,1/20/2022,208016726,408836095,188787807,47943903
20,1/21/2022,208194347,409123417,188879455,47955560
21,1/22/2022,208399085,409460448,188991734,47968200
22,1/23/2022,208525484,409669468,189062601,47976015
23,1/24/2022,208626405,409835851,189116575,47981273
24,1/25/2022,208847994,411912826,189196652,47989239
25,1/26/2022,209013666,412190501,189291039,47999902
26,1/27/2022,209323776,412729457,189465605,48019565
27,1/28/2022,209504368,413020145,189557297,48030554
28,1/29/2022,209691006,413329901,189660750,48041703
29,1/30/2022,209851113,413588046,189741913,48050425
30,1/31/2022,209973459,413787226,189805322,48059184
31,2/1/2022,210108362,414006814,189874043,48065235
32,2/2/2022,210282213,414297708,189971940,48075113
33,2/3/2022,210486430,414643429,190091915,48087950
34,2/4/2022,210629683,414872422,190160445,48093029
35,2/5/2022,210804454,415164924,190259534,48103268
36,2/6/2022,210950750,415402795,190335569,48110163
37,2/7/2022,211063337,415583206,190390140,48113993
38,2/8/2022,211203047,415812047,190462781,48120259
39,2/9/2022,211386428,416125354,190573925,48133660
40,2/10/2022,211569223,416432861,190679676,48144292
41,2/11/2022,211700255,416642166,190744115,48150847
42,2/12/2022,211870265,416925581,190840147,48161038
43,2/13/2022,212003821,417141946,190908910,48167429
44,2/14/2022,212095552,417291404,190955804,48171051
45,2/15/2022,212235633,417525348,191033659,48177711
46,2/16/2022,212349118,417718754,191101434,48185770
47,2/17/2022,212593256,418166251,191285859,48208772
48,2/18/2022,212720177,418380590,191360644,48217612
49,2/19/2022,212860836,418621856,191447087,48229940
50,2/20/2022,212935032,418744572,191487838,48234290
51,2/21/2022,212999248,418851879,191523436,48237187
52,2/22/2022,213118966,419051371,191587952,48243081
53,2/23/2022,213241152,419257430,191657549,48249634
54,2/24/2022,213364010,419466283,191729645,48257384
55,2/25/2022,213427451,419563573,191760110,48261796
56,2/26/2022,213564102,419800306,191845967,48270608
57,2/27/2022,213653411,419950302,191897013,48275317
58,2/28/2022,213707310,420039299,191925824,48277434
59,3/1/2022,213781603,420165214,191966098,48279770
60,3/2/2022,213878720,420333547,192029139,48286788
61,3/3/2022,213994630,420538795,192104748,48295224
62,3/4/2022,214087749,420697978,192162162,48302169
63,3/5/2022,214178560,420854997,192219461,48308666
64,3/6/2022,214245940,420965854,192256401,48312397
65,3/7/2022,214301809,421060237,192288158,48314659
66,3/8/2022,214370227,421176812,192328340,48318359
67,3/9/2022,214451405,421317270,192379062,48324392
68,3/10/2022,214544625,421479427,192439087,48331614
69,3/11/2022,214573501,421520811,192448538,48330978
70,3/12/2022,214663225,421676084,192505058,48337499
71,3/13/2022,214722371,421777426,192541730,48342540
72,3/14/2022,214764771,421849411,192566154,48344598
73,3/15/2022,214852423,422003624,192623028,48351826
74,3/16/2022,214913282,422109067,192660857,48357341
75,3/17/2022,214980035,422225493,192704027,48362814
76,3/18/2022,215034679,422320575,192739338,48366674
77,3/19/2022,215096692,422427486,192778460,48371763
78,3/20/2022,215141113,422502742,192805056,48375870
79,3/21/2022,215173721,422558091,192824056,48377932
80,3/22/2022,215190672,422579029,192826147,48378447
81,3/23/2022,215263962,422700983,192867255,48383418
82,3/24/2022,215346297,422848464,192925005,48392082
83,3/25/2022,215390551,422923114,192951029,48394949
84,3/26/2022,215455484,423038728,192995203,48400432
85,3/27/2022,215498115,423112521,193022632,48403445
86,3/28/2022,215521570,423152331,193036525,48405053
87,3/29/2022,215578937,423252384,193071312,48409994
88,3/30/2022,215635920,423353612,193109669,48415454
89,3/31/2022,215718240,423499015,193165375,48425467
90,4/1/2022,215780974,423610416,193207660,48437787
91,4/2/2022,215851794,423740424,193261717,48457680
92,4/3/2022,215911443,423849796,193307177,48477430
93,4/4/2022,216454086,424899006,193768870,48592245
94,4/5/2022,216526965,425033749,193826468,48615238
95,4/6/2022,216614329,425193509,193889424,48635398
96,4/7/2022,216706091,425366645,193965561,48665286
97,4/8/2022,216805746,425557278,194051543,48694494
98,4/9/2022,216889085,425713027,194119735,48723904
99,4/10/2022,216947211,425820980,194166088,48743614
100,4/11/2022,217000014,425920531,194209626,48761862
101,4/12/2022,217090054,426091517,194284131,48791282
102,4/13/2022,217191367,426283877,194367617,48820066
103,4/14/2022,217275588,426443201,194437605,48848632
104,4/15/2022,217308102,426499396,194463128,48874054
105,4/16/2022,217423371,426718917,194559259,48906976
106,4/17/2022,217474299,426813471,194600128,48923331
107,4/18/2022,217504467,426869518,194624274,48933834
108,4/19/2022,217563540,426980338,194672235,48953594
109,4/20/2022,217613462,427073588,194713140,48971604
110,4/21/2022,217725629,427286599,194807567,49004209
111,4/22/2022,217773794,427374922,194845392,49024269
112,4/23/2022,217845443,427508547,194903634,49048832
113,4/24/2022,217903150,427615941,194950634,49064614
114,4/25/2022,217935351,427675382,194975932,49074341
115,4/26/2022,217987760,427771580,195016498,49091314
116,4/27/2022,218047515,427884104,195066164,49109132
117,4/28/2022,218113816,428008938,195121326,49133041
118,4/29/2022,218173622,428119197,195168565,49154804
119,4/30/2022,218239125,428240743,195220620,49175945
120,5/1/2022,218292798,428339784,195262975,49190591
121,5/2/2022,218341062,428431491,195303750,49199916
122,5/3/2022,218412116,428564394,195361200,49223044
123,5/4/2022,218464795,428662799,195403822,49238718
124,5/5/2022,218536106,428797463,195462129,49260802
125,5/6/2022,218583856,428883928,195493504,49277479
126,5/7/2022,218655288,429018976,195553942,49300926
127,5/8/2022,218699425,429101162,195589643,49313629
128,5/9/2022,218725168,429148958,195610124,49321632
129,5/10/2022,218784574,429260081,195656427,49339776
130,5/11/2022,218848660,429382427,195710338,49357033
131,5/12/2022,219021343,429723750,195865753,49390465
132,5/13/2022,219062088,429798320,195896634,49404291
133,5/14/2022,219121235,429909245,195944999,49423828
134,5/15/2022,219157363,429976214,195973919,49434844
135,5/16/2022,219178249,430014942,195990476,49440997
136,5/17/2022,219241189,430133335,196041749,49460428
137,5/18/2022,219298229,430240952,196088935,49476972
138,5/19/2022,219370104,430378189,196137362,49494865
139,5/20/2022,219369661,430371440,196128860,49500792
140,5/21/2022,219436381,430497451,196184238,49520691
141,5/22/2022,219472011,430563187,196212817,49531065
142,5/23/2022,219491768,430599357,196228050,49536827
143,5/24/2022,219559046,430724347,196281392,49557420
144,5/25/2022,219608071,430815707,196320409,49571380
145,5/26/2022,219685462,430961662,196382240,49590612
146,5/27/2022,219747138,431075844,196430742,49608680
147,5/28/2022,219795493,431165402,196469031,49622764
148,5/29/2022,219819531,431208470,196486559,49628938
149,5/30/2022,219833668,431233872,196496870,49632249
150,5/31/2022,219848472,431260674,196507746,49635981
151,6/1/2022,219906271,431367824,196552904,49650468
152,6/2/2022,219961637,431469090,196595064,49664023
153,6/3/2022,219966525,431471222,196589389,49669878
154,6/4/2022,220019371,431569049,196630464,49683855
155,6/5/2022,220047011,431618681,196650831,49690653
156,6/6/2022,220061813,431645315,196661612,49693819
157,6/7/2022,220114025,431741289,196701103,49706079
158,6/8/2022,220121221,431750730,196701998,49709427
159,6/9/2022,220154353,431810437,196725720,49722310
160,6/10/2022,220193945,431881048,196752548,49732777
161,6/11/2022,220241979,431969759,196790207,49747453
162,6/12/2022,220267638,432015686,196808862,49752955
163,6/13/2022,220280709,432039020,196818043,49755462
164,6/14/2022,220320992,432112583,196848099,49764108
165,6/15/2022,220435869,432319951,196930493,49779602
166,6/16/2022,220476501,432394386,196960853,49789168
167,6/22/2022,220674493,432754146,197108041,49831808
168,6/29/2022,220819568,432990339,197184034,49899335
169,7/6/2022,221002569,433321454,197316121,49934148
170,7/13/2022,221224957,433728757,197481144,49977852
171,7/20/2022,221490279,434209616,197678657,50036105
172,7/27/2022,221263733,433663479,197428552,49996806
173,8/3/2022,221098442,433299980,197293975,49965671
174,8/10/2022,221438710,433837742,197523447,50003187
175,8/17/2022,221663958,434166396,197648800,50033525
176,8/24/2022,221891253,434499051,197773037,50061201
177,8/31/2022,222087923,434782928,197877583,50082643
178,9/7/2022,222337164,435103424,197956529,50097885
179,9/14/2022,222603374,435516360,198130442,50144169
180,9/21/2022,222944425,436058416,198369444,50220717
181,9/28/2022,223244013,436526380,198582800,50290983
182,10/5/2022,223764780,437443217,199006174,50405148
183,10/12/2022,224091093,438007168,199270651,50510121
184,10/19/2022,224482446,438665292,199574279,50617232
185,10/26/2022,224818853,439251965,199844855,50712386
186,11/2/2022,225260126,440039939,200195407,50817900
187,11/9/2022,225677330,440768698,200526022,50920883
188,11/16/2022,226483642,442239294,201173907,51079934
189,11/23/2022,226717693,442632101,201349762,51130817
190,11/30/2022,226205662,441578977,200866045,51001743
191,12/7/2022,226440287,441964664,201037744,51051230
192,12/14/2022,226666574,442350176,201210412,51097415
193,12/21/2022,226822350,442617346,201330172,51130875
194,12/28/2022,226966702,442861825,201438863,51155845
